[[1, [17, 88]], [0, (17, 8)], [1, [57, 48]], [0, (57, 8)], [1, [97, 8]], [0, (17, 48)]]| 
[[1, [17, 88]], [0, (17, 8)], [1, [57, 88]], [0, (57, 8)]]| 
[[1, [17, 88]], [0, (17, 8)], [1, [57, 88]], [0, (57, 8)]]| 
[[1, [297, 208]], [0, [297, 168]], [1, [257, 248]], [0, [177, 208]], [1, [17, 128]], [0, [57, 128]], [1, [57, 88]], [0, [97, 88]], [1, [97, 48]], [0, [137, 48]]]| 
[[1, [17, 88]], [0, [57, 128]], [1, [57, 48]], [0, [97, 128]], [1, [97, 8]]]| 
[[1, [57, 128]], [0, [17, 88]], [1, [97, 128]], [0, [57, 48]], [1, [137, 128]]]| 
[[1, [177, 288]], [0, [17, 88]], [1, [497, 88]], [0, [57, 48]], [1, [337, 408]], [0, [97, 8]]]| 
[[1, [17, 8]], [0, [337, 328]], [1, [57, 8]], [0, [257, 408]], [1, [97, 8]]]| 
[[1, [17, 48]], [0, [257, 408]], [1, [57, 48]], [0, [377, 408]], [1, [97, 48]]]| 
[[1, [57, 48]], [0, (17, 8)], [1, [57, 88]], [0, (57, 8)], [1, [17, 88]], [0, (97, 8)], [1, [97, 48]], [0, (17, 48)]]| 
[[1, [57, 48]], [0, (17, 8)], [1, [97, 48]], [0, (17, 48)], [1, [57, 88]], [0, (57, 8)], [1, [97, 8]], [0, (17, 88)]]| 
